3 [3, 5, 7]
3 [3, 7, 11]
3 [3, 11, 19]
3 [3, 13, 23]
3 [3, 17, 31]
3 [3, 23, 43]
3 [3, 31, 59]
3 [3, 37, 71]
3 [3, 41, 79]
3 [3, 43, 83]
3 [5, 29, 53]
3 [5, 47, 89]
3 [7, 13, 19]
3 [7, 43, 79]
3 [11, 29, 47]
3 [11, 41, 71]
3 [11, 47, 83]
3 [13, 37, 61]
3 [13, 43, 73]
3 [17, 23, 29]
3 [17, 53, 89]
3 [19, 31, 43]
3 [19, 43, 67]
3 [23, 41, 59]
3 [23, 47, 71]
3 [23, 53, 83]
3 [29, 41, 53]
3 [29, 59, 89]
3 [31, 37, 43]
3 [37, 67, 97]
3 [47, 53, 59]
3 [53, 71, 89]
3 [59, 71, 83]
3 [61, 79, 97]
3 [67, 73, 79]
4 [5, 23, 41, 59]
4 [7, 19, 31, 43]
4 [7, 37, 67, 97]
4 [11, 17, 23, 29]
4 [17, 29, 41, 53]
4 [41, 47, 53, 59]
4 [43, 61, 79, 97]
4 [47, 59, 71, 83]
4 [61, 67, 73, 79]
5 [5, 11, 17, 23, 29]
5 [5, 17, 29, 41, 53]
